97
2
62
25
70
56
50
32
94
69
72
74
88
34
21
0
42
60
3
59
20
51
76
66
97
90
37
93
95
18
18
46
47
56
74
65
69
34
57
55
22
90
49
15
20
92
5
74
0
97
51
1
12
77
86
45
59
9
52
3
24
17
81
54
99
54
19
10
39
4
63
11
59
16
6
43
0
37
29
21
35
41
19
3
57
54
60
87
63
43
67
22
64
17
74
14
86
84
30
30
72
19
34
92
87
11
77
22
49
21
16
50
51
62
50
9
3
53
98
91
24
87
91
94
58
19
72
17
67
25
19
84
52
21
40
77
62
63
7
17
1
81
94
97
55
69
74
0
82
99
97
59
11
15
76
96
90
10
11
24
43
27
82
28
20
46
17
19
29
75
52
34
50
16
68
53
7
18
29
58
38
55
8
56
51
82
74
67
88
54
4
82
17
32
59
50
70
40
3
13
24
17
56
51
2
78
64
39
52
13
60
61
99
54
99
73
65
99
81
95
24
36
14
56
90
50
73
78
59
50
56
57
34
19
66
15
35
44
68
70
82
93
27
68
29
62
47
68
4
35
40
84
46
3
73
34
1
23
57
49
51
49
47
96
67
70
23
66
7
26
0
15
12
52
73
23
65
10
23
21
93
3
20
10
62
19
53
84
59
84
39
9
50
95
33
57
97
27
91
5
12
30
62
38
74
25
59
18
77
11
23
54
39
89
97
69
88
25
63
69
19
65
55
80
1
84
4
54
21
56
50
62
53
55
84
7
98
79
62
13
78
80
79
13
11
74
31
62
65
37
34
66
2
94
56
5
58
79
66
16
69
38
0
23
37
78
45
21
41
72
27
9
96
94
76
78
61
38
33
31
43
66
3
90
4
87
60
48
74
32
47
7
5
25
68
54
10
89
30
93
62
50
45
89
4
68
92
75
24
1
80
70
71
84
28
70
44
43
61
85
69
80
29
70
20
89
63
85
7
64
82
26
94
66
82
12
8
50
54
54
64
7
72
34
9
99
39
98
18
76
79
5
52
42
22
90
95
86
57
79
35
69
13
81
76
56
28
68
85
49
43
63
50
52
73
91
97
72
39
1
79
41
24
30
29
38
89
94
89
95
45
29
84
35
91
78
45
8
5
44
48
28
49
84
70
31
23
10
48
59
37
57
71
5
94
22
74
5
87
91
95
98
49
89
57
35
13
12
16
10
41
41
47
68
51
83
79
54
5
29
88
78
7
35
41
26
39
84
73
82
46
5
77
21
79
60
30
87
53
88
43
34
98
61
40
12
97
68
89
7
0
38
86
16
67
14
22
2
8
16
36
98
12
83
74
98
4
87
99
79
66
74
54
92
34
90
25
80
32
25
86
11
44
27
75
2
69
84
21
38
20
58
33
32
44
50
30
83
32
49
36
85
53
65
30
39
42
51
20
5
39
72
91
51
61
94
45
70
27
85
30
98
6
86
98
25
99
42
6
57
87
58
37
44
32
26
35
97
42
11
7
38
66
53
3
53
14
70
6
96
63
59
67
94
25
53
5
47
44
35
98
96
4
54
38
53
18
5
60
68
6
44
84
84
93
41
31
62
84
60
12
11
12
4
50
82
18
65
60
93
99
0
93
80
20
13
59
14
19
42
29
70
57
62
22
54
33
24
58
82
47
98
89
55
75
93
31
58
17
36
26
64
52
17
47
53
31
44
28
83
39
76
83
69
85
43
88
52
93
58
49
73
91
26
47
36
58
81
71
18
6
89
42
83
12
92
77
51
41
49
33
83
83
51
46
26
12
21
16
59
97
54
31
35
40
18
36
60
23
41
37
57
20
0
10
3
74
87
91
50
93
38
90
98
82
93
29
1
87
46
33
22
34
81
78
79
53
92
83
84
81
81
14
69
60
13
85
90
34
83
28
45
72
78
51
61
73
12
57
54
77
92
14
42
63
50
62
75
39
19
79
2
21
84
53
80
54
9
11
99
12
23
85
22
50
17
32
83
34
64
73
69
87
66
73
50
40
15
60
61
34
55
50
73
6
99
51
96
58
14
55
79
69
40
97
11
7
0
21
80
47
86
25
70
78
48
21
34
1
57
28
67
66
41
7
98
96
85
40
11
63
22
79
25
44
38
73
18
31
81
54
25
88
98
95
5
0
71
82
27
79
39
29
99
18
7
5
16
31
68
3
58
23
36
70
94
65
88
68
41
5
57
32
69
59
72
25
33
5
17
12
24
17
75
79
42
24
11
82
83
12
86
44
53
84
32
96
41
53
79
63
49
26
33
53
17
66
71
67
20
99
20
91
6
7
46
55
12
78
15
81
84
66
63
48
80
71
50
33
42
91
94
37
94
2
0
26
88
44
8
26
88
68
82
47
12
1
67
49
54
13
5
70
15
25
28
71
35
79
99
9
6
75
35
95
88
73
66
60
23
73
67
97
27
69
45
68
59
16
95
56
1
92
1
45
94
90
81
44
38
46
37
76
24
98
16
40
35
31
91
33
24
22
95
89
7
26
12
46
57
35
54
57
60
93
49
29
23
39
26
52
73
2
22
42
45
54
13
93
99
59
20
30
6
62
13
21
5
51
52
97
25
91
80
11
6
70
74
8
94
54
62
14
91
84
81
27
48
81
96
62
80
6
11
20
7
9
52
42
89
11
79
29
52
2
4
35
19
32
97
53
54
67
22
99
86
0
2
99
85
71
82
14
97
84
42
45
27
44
94
44
99
19
79
74
57
86
98
96
82
99
8
76
79
68
58
90
92
29
57
70
33
10
94
37
16
68
40
55
74
9
28
90
95
91
6
16
49
74
96
23
33
54
73
1
46
15
65
40
42
45
74
8
99
12
6
64
71
0
24
88
37
26
61
45
13
51
74
55
78
63
48
75
86
50
39
32
58
27
72
20
57
14
10
89
44
8
59
27
12
46
21
74
11
95
39
56
16
62
22
87
99
52
87
17
18
95
67
6
80
85
14
99
47
69
59
50
63
83
77
77
65
79
88
64
53
22
35
91
26
22
75
85
13
85
80
64
66
97
11
45
79
72
48
93
37
61
71
17
76
67
19
99
83
79
86
77
94
9
80
83
78
49
79
55
71
66
0
77
84
84
96
30
3
20
78
17
59
72
13
15
32
98
18
12
14
93
32
95
79
91
76
80
71
12
67
22
22
84
15
92
73
43
67
93
37
45
92
19
17
32
57
85
14
3
45
85
2
95
93
13
59
41
60
45
94
54
28
59
53
54
16
64
69
28
39
54
40
32
93
84
14
26
55
73
19
67
85
45
55
55
61
30
6
78
59
15
75
25
33
84
92
80
60
37
87
25
48
49
65
20
85
79
16
58
12
48
86
85
70
81
49
14
60
4
9
46
87
69
87
43
70
10
92
30
39
12
49
10
14
3
43
29
90
6
62
60
98
39
44
21
68
48
99
15
6
6
7
37
37
32
4
57
39
6
16
73
16
73
98
1
73
22
66
87
30
82
59
11
27
28
4
79
58
27
11
0
87
12
69
40
64
20
23
75
4
58
85
36
8
95
1
52
30
55
87
7
2
13
5
92
94
33
38
60
37
13
7
87
16
78
10
33
69
96
83
52
10
8
50
83
62
27
0
40
63
15
93
4
81
31
54
7
15
48
38
43
60
87
33
41
23
23
62
3
12
60
54
49
47
14
35
43
40
80
81
45
6
56
81
14
4
35
75
88
42
15
18
4
32
93
83
14
62
13
70
55
28
45
71
95
85
70
57
19
88
90
5
87
38
44
82
10
31
66
28
62
51
0
35
48
13
2
6
25
4
3
37
47
86
98
29
67
11
34
15
63
22
11
61
78
91
93
96
63
89
43
93
67
7
9
71
29
42
50
38
68
5
53
68
78
42
28
46
84
25
92
6
51
55
12
11
61
73
24
76
53
3
55
42
9
28
60
21
49
60
42
51
45
46
47
34
88
23
19
60
9
99
75
53
44
19
88
84
41
53
86
61
20
93
1
11
81
8
83
46
84
59
38
97
45
17
61
60
61
74
22
13
61
42
82
80
45
50
85
39
62
17
70
32
73
66
2
52
78
14
85
85
80
82
93
8
96
56
19
16
46
83
26
7
9
12
7
24
46
51
75
34
87
79
35
96
87
83
81
56
6
6
85
19
47
86
11
88
41
85
25
41
34
1
74
11
1
23
85
8
64
31
7
28
94
22
39
5
54
56
19
41
51
80
41
15
57
35
74
65
9
6
24
20
94
21
78
73
20
10
31
53
10
17
8
13
9
38
40
92
71
20
48
1
42
21
52
53
32
16
83
86
64
50
34
83
64
15
60
45
64
45
11
42
24
43
51
48
85
43
64
48
88
8
59
6
62
95
34
98
78
14
0
21
78
18
60
70
18
10
65
62
59
92
80
83
14
2
80
70
73
57
78
26
95
72
32
26
21
96
67
93
6
61
73
64
43
32
86
16
72
15
60
74
18
23
82
13
25
93
46
12
39
89
34
13
4
63
16
18
17
75
10
94
20
20
82
80
10
2
32
45
60
78
18
48
36
47
57
59
60
26
65
72
73
5
31
54
85
34
99
58
95
80
93
2
21
12
17
65
64
6
59
86
24
46
74
59
15
42
37
38
83
2
18
71
40
43
35
76
48
69
28
42
79
39
59
9
20
33
9
96
29
78
77
62
47
12
62
9
41
2
46
65
19
24
81
5
36
2
5
63
61
39
55
74
65
81
64
86
69
42
8
83
97
93
91
73
69
16
26
80
83
38
96
97
35
37
53
10
21
94
61
56
38
57
2
6
60
4
52
73
72
12
22
86
52
47
38
28
47
69
95
21
41
90
51
36
79
25
51
58
54
19
79
78
93
42
30
5
34
10
39
86
30
87
80
7
65
13
68
67
64
48
68
13
27
98
99
21
87
48
66
97
36
34
35
29
77
32
97
49
37
6
45
62
50
2
21
61
73
65
83
56
36
52
70
18
88
79
72
21
12
49
75
14
15
65
37
42
74
52
11
17
69
20
10
45
48
78
62
76
92
97
29
9
32
86
45
13
53
71
42
83
53
28
25
63
19
10
41
21
81
57
19
80
4
60
15
2
77
99
23
55
57
0
92
70
82
2
60
5
46
20
57
64
66
63
17
2
7
20
63
56
49
1
98
87
88
70
42
29
16
92
99
43
2
78
38
50
49
16
23
24
95
97
93
22
31
68
58
89
81
95
71
29
6
81
28
87
26
27
32
90
73
78
83
81
53
87
53
57
78
43
39
5
75
98
18
48
45
12
17
10
79
83
81
76
4
88
71
58
34
89
49
94
16
68
78
67
31
11
7
60
98
48
92
39
48
31
53
55
59
94
1
94
78
17
77
56
16
48
66
21
68
86
17
49
46
91
28
86
60
3
34
54
98
54
97
36
28
44
0
2
17
43
87
69
65
39
79
25
89
38
63
0
36
17
69
62
30
71
19
50
15
1
97
60
78
2
11
74
88
58
84
74
72
95
71
51
90
59
47
56
32
41
34
35
13
74
87
69
72
72
8
87
62
47
31
65
64
36
85
83
63
27
78
62
91
53
8
36
19
28
29
24
15
67
0
29
16
85
0
99
65
45
78
41
67
0
62
13
18
36
32
61
27
89
16
82
74
46
94
56
73
62
90
86
8
73
37
96
21
39
45
75
8
55
54
0
83
96
93
77
23
5
47
13
66
87
95
59
30
2
42
3
72
93
36
25
6
2
64
99
75
2
8
5
25
97
67
56
89
39
76
80
67
40
79
47
93
93
92
24
29
48
12
60
7
37
24
81
78
3
1
41
24
52
95
2
84
0
54
88
35
1
22
3
43
92
59
7
36
44
85
10
9
29
63
57
84
18
23
63
30
36
90
43
22
88
48
37
70
68
30
66
87
27
9
85
97
86
40
5
78
82
92
40
62
25
20
24
69
13
39
34
48
56
84
66
62
42
57
91
62
97
33
84
94
28
88
70
60
62
26
57
33
61
95
18
14
95
42
67
27
5
61
23
60
76
57
88
79
94
24
71
16
2
87
27
92
47
63
91
5
23
24
70
43
7
8
17
59
52
53
16
57
14
66
37
64
60
21
62
39
72
11
34
96
7
5
4
84
70
98
87
50
30
90
66
89
34
65
0
8
15
95
64
17
32
36
60
94
56
75
28
44
65
52
79
11
90
87
53
60
77
41
91
86
23
77
67
22
25
48
28
54
22
13
95
45
75
57
41
85
95
56
22
55
3
33
90
56
45
28
39
30
62
84
14
97
5
9
83
32
21
44
8
15
30
54
49
70
3
47
91
86
25
31
64
68
24
44
92
60
61
68
18
15
6
99
20
68
57
69
20
17
64
36
0
9
86
60
34
76
9
88
27
71
44
65
58
27
47
15
68
25
49
36
13
98
86
2
98
53
95
93
75
22
56
86
21
56
72
83
10
3
52
94
40
90
30
62
87
47
24
93
42
81
50
0
98
69
45
85
11
14
30
75
12
31
67
29
86
14
17
68
29
42
88
59
87
82
31
69
33
85
7
74
11
91
32
67
28
42
35
36
64
19
11
4
23
43
63
32
12
65
49
78
98
22
89
58
62
16
73
82
62
13
49
77
94
4
22
66
62
6
64
79
80
31
70
90
12
76
87
53
54
44
7
54
95
55
87
70
12
47
46
62
48
87
56
8
96
71
81
56
6
17
8
91
92
81
2
13
31
72
43
55
4
48
40
56
14
1
90
13
6
51
30
64
33
63
34
78
24
0
5
62
78
7
63
98
63
84
92
48
16
36
52
42
79
43
63
3
48
99
42
46
11
80
46
77
46
28
90
63
59
83
29
11
11
35
54
1
17
73
88
32
46
0
52
42
6
15
57
31
18
79
28
76
64
39
82
1
11
67
56
7
64
57
46
28
26
18
4
12
27
38
9
97
47
99
77
51
62
99
82
9
86
27
15
45
15
79
66
71
88
84
48
74
11
36
36
20
17
80
80
52
84
30
12
41
97
10
17
77
2
72
65
69
45
31
79
56
63
76
49
16
33
75
23
44
65
83
62
16
41
57
93
27
76
9
24
87
66
49
18
16
99
53
16
42
31
89
32
53
29
67
88
15
74
99
83
5
33
87
77
96
2
60
76
26
32
32
55
49
76
36
55
52
64
30
64
57
76
39
78
64
32
66
47
41
62
53
30
93
16
54
80
30
43
91
94
18
87
14
19
95
4
71
57
45
25
99
76
9
95
7
70
61
5
7
33
13
87
45
55
68
29
43
57
65
34
64
92
89
62
79
16
42
58
21
94
7
7
17
38
23
30
75
46
40
78
94
11
8
63
59
38
98
24
98
10
91
58
36
40
49
4
0
59
22
46
67
68
2
1
23
19
42
52
67
16
97
14
33
52
57
96
43
31
35
86
52
71
36
6
42
96
12
54
63
88
74
16
29
21
86
83
65
10
23
28
5
31
48
79
46
13
49
44
12
98
23
18
15
1
90
20
44
7
24
27
27
23
82
88
31
91
23
86
72
80
37
63
79
91
73
5
81
42
39
80
91
96
78
9
34
36
26
82
24
25
35
55
9
71
35
5
49
37
93
65
94
17
45
94
50
4
72
68
20
67
60
49
76
51
37
46
34
4
78
13
87
62
79
99
62
73
53
93
2
15
77
9
17
32
18
87
98
22
89
49
93
67
59
53
67
89
66
53
89
88
78
17
81
63
11
30
83
32
67
10
27
74
21
57
77
46
77
87
63
26
36
20
23
71
37
13
27
93
18
59
66
89
53
18
13
14
22
69
0
9
14
74
52
36
98
54
8
47
50
26
92
47
5
71
82
90
22
96
77
83
21
28
5
38
76
24
24
21
46
59
55
32
13
43
36
23
88
59
48
22
24
48
10
72
21
5
87
77
1
52
1
75
28
82
70
93
62
7
63
27
78
36
70
73
81
82
21
2
88
4
0
72
71
5
53
7
26
63
49
76
74
84
35
42
97
63
86
31
0
67
35
88
73
29
80
7
5
27
97
77
84
94
89
77
44
96
77
63
13
91
60
31
14
83
79
14
30
71
96
11
17
20
43
0
21
13
81
14
78
6
81
52
62
12
38
72
99
3
38
85
42
9
32
1
69
83
36
85
1
41
1
91
46
5
86
88
9
1
34
80
31
71
61
39
40
63
67
62
67
97
79
27
2
39
42
42
90
30
23
62
31
61
27
12
82
40
67
66
41
28
69
79
29
86
40
95
68
22
52
35
17
5
97
67
95
48
1
72
82
38
8
57
57
72
72
1
10
15
59
0
5
18
25
68
8
67
12
38
0
85
45
38
84
40
80
52
42
17
45
61
64
85
27
82
93
97
32
63
6
47
70
77
45
12
55
2
75
90
35
10
26
53
27
80
61
51
0
97
40
44
15
18
48
64
16
29
1
12
97
66
97
1
75
53
85
13
1
10
22
42
26
6
56
77
49
16
95
28
88
65
87
77
18
82
96
75
30
11
88
58
41
9
27
67
48
88
57
94
62
60
74
53
8
6
16
46
24
92
99
72
78
37
81
70
10
78
13
54
78
38
61
70
75
29
13
46
47
6
17
78
34
55
15
93
39
22
52
27
43
74
32
83
4
74
68
86
63
74
62
57
92
96
30
13
83
90
95
86
17
28
37
89
58
96
48
79
81
46
86
36
58
54
19
9
86
73
18
94
78
77
81
35
59
64
90
82
46
8
4
55
85
76
73
4
12
63
21
52
95
71
45
38
25
69
63
58
26
56
6
40
98
72
74
58
41
38
20
18
75
30
97
40
25
84
9
34
46
55
63
62
97
40
73
64
60
7
37
69
14
9
7
52
19
31
38
65
8
42
10
60
94
24
33
67
19
47
29
24
36
69
62
90
79
53
29
91
80
80
12
16
79
39
15
65
50
93
60
39
61
97
47
96
32
80
48
7
80
73
9
5
85
69
1
44
80
78
23
70
80
15
77
85
73
54
20
91
9
47
45
5
64
13
27
35
7
24
28
35
32
6
1
77
44
58
9
27
89
71
74
97
5
45
32
22
8
55
92
47
30
81
49
24
12
68
46
20
33
44
42
52
91
35
78
5
48
73
57
21
94
8
2
89
13
85
88
33
36
32
94
84
13
14
27
38
27
25
95
28
58
86
49
3
60
2
66
77
86
54
58
1
55
21
23
45
26
76
33
99
16
95
94
22
64
7
67
20
11
12
88
49
20
88
78
70
20
29
94
79
64
20
83
38
79
99
41
18
84
14
48
16
41
99
59
42
41
11
74
86
45
89
8
70
97
58
48
66
43
39
30
49
9
72
69
42
71
45
12
83
9
35
49
32
87
4
43
75
88
44
24
88
8
53
15
5
76
38
81
35
97
68
39
75
21
13
36
55
87
35
8
37
99
42
23
15
69
26
9
2
31
87
32
78
58
62
41
54
46
97
17
81
9
56
15
32
73
81
62
26
51
49
37
75
41
51
43
13
49
37
97
2
52
35
15
79
53
30
42
69
38
22
41
76
97
67
0
68
68
5
14
67
91
3
35
37
59
60
28
98
65
89
19
12
74
94
68
1
98
40
18
71
68
31
29
87
95
18
60
76
6
28
78
34
82
86
94
24
70
87
79
62
26
95
15
35
37
49
76
82
49
28
73
40
28
93
28
52
35
67
16
59
32
0
94
3
1
64
22
87
25
97
63
84
36
82
73
51
82
80
74
56
17
98
71
95
42
16
98
45
51
0
25
82
92
82
55
66
4
43
83
98
76
33
21
98
22
6
57
85
0
70
35
89
80
98
85
12
19
35
96
52
66
12
6
24
69
78
1
71
43
26
81
30
12
48
64
90
54
83
15
84
79
4
26
70
20
68
89
35
6
75
6
91
51
7
26
17
4
27
71
78
86
49
64
22
8
34
21
93
98
77
27
89
99
77
72
4
2
65
56
46
0
19
71
95
91
34
35
30
46
70
58
18
0
20
17
63
36
46
99
16
79
80
1
59
57
58
5
77
53
56
98
98
7
89
32
89
53
39
7
34
8
30
77
21
38
47
86
92
0
77
95
5
80
9
93
70
16
59
99
2
91
29
36
25
65
86
92
3
55
12
68
69
14
64
81
21
64
63
44
78
77
51
93
9
87
26
80
87
77
56
73
10
14
36
40
26
62
53
7
18
99
83
1
8
86
24
29
8
6
14
75
76
81
31
40
64
66
17
12
69
66
24
49
99
63
37
43
54
0
32
55
81
66
34
69
95
18
1
62
8
7
58
0
98
47
54
16
85
10
85
62
8
53
71
35
8
74
96
78
72
89
48
65
98
52
52
34
33
61
28
43
30
56
14
33
9
60
56
78
82
7
70
14
33
81
83
81
48
43
66
11
0
56
48
92
4
17
33
23
74
87
53
85
22
13
74
80
52
82
96
62
70
4
61
29
60
35
10
36
29
13
66
87
63
98
10
30
2
0
2
52
34
33
72
47
32
10
91
51
84
12
79
99
64
30
96
17
8
9
37
90
21
5
20
11
96
49
95
43
90
83
69
5
10
33
48
78
80
11
31
72
48
90
33
26
78
50
17
31
5
69
27
27
82
3
76
9
56
87
38
32
6
96
0
1
82
42
33
73
21
35
48
77
52
93
77
34
82
62
38
72
7
67
89
90
38
79
34
71
14
15
73
0
48
60
34
82
17
65
21
69
49
87
96
80
45
12
48
4
37
50
81
58
27
45
7
16
66
80
10
47
79
14
41
72
22
66
7
83
95
24
42
18
63
59
69
71
90
95
69
23
28
64
33
7
93
5
52
48
70
7
53
31
6
39
1
8
25
7
23
20
56
46
69
95
86
95
94
20
24
94
26
92
13
10
99
33
44
86
25
99
34
53
1
98
47
70
54
71
81
84
82
65
9
47
97
72
7
50
72
85
86
90
29
10
49
77
97
58
0
97
34
44
98
75
52
75
35
23
80
85
86
42
57
90
54
44
71
90
95
41
41
28
80
26
94
18
71
5
44
92
66
80
94
76
97
92
49
80
93
63
30
52
88
4
82
47
26
99
23
1
20
88
95
92
31
62
6
39
81
97
29
69
1
33
22
78
37
2
44
72
97
53
93
49
38
9
79
9
53
18
20
84
79
75
12
77
6
39
33
54
54
39
19
55
37
27
94
67
13
75
41
39
8
33
69
62
78
52
95
6
92
97
39
52
76
78
82
94
70
16
7
66
14
37
70
12
59
71
49
51
68
33
85
80
90
83
89
63
79
54
98
23
2
91
64
40
23
92
60
5
34
65
31
88
64
80
74
87
26
12
60
53
71
84
2
97
85
4
82